17115825
17115837
17115839
17115847
17115850
17115866
17115868
17115881
17115884
17115891
17115905
17115910
17115913
17115925
17115934
17115938
17115940
17115953
17115966
17115971
17115973
17115978
17115981
17115994
17115996
17115998
17116010
17116016
17116019
17116028
17116050
17116059
17116061
17116065
17116068
17116071
17116074
17116080
17116083
17116086
17116097
17116116
17116131
17116141
17116154
17116159
17116171
17116177
17116181
17116185
17116187
17116189
17116192
17116194
17116200
17116251
17116281
17116284
17116289
17116296
17116301
17116318
17116321
17116323
17116334
17116336
17116338
17116342
17116344
17116346
17116348
17116355
17116357
17116375
17116381
17116384
17116410
17116420
17116428
17116437
17116452
17116468
17116473
17116491
17116497
17116516
17116525
17116530
17116533
17116538
17116550
17116580
17116583
17116588
17116599
17116630
17116641
17116644
17116650
17116652
17116656
17116658
17116664
17116669
17116671
17116675
17116681
17116684
17116694
17116706
17116720
17116725
17116730
17116745
17116748
17116758
17116761
17116765
17116772
17116774
17116776
17116780
17116787
17116791
17116795
17116805
17116810
17116818
17116820
17116822
17116825
17116832
17116835
17116838
17116844
17116847
17116854
17116876
17116888
17116894
17116901
17116908
17116920
17116924
17116933
17116936
17116942
17116944
17116946
17116949
17116951
17116958
17116962
17116974
17116977
17117017
17117019
17117024
17117027
17117031
17117033
17117035
17117042
17117044
17117046
17117048
17117053
17117055
17117057
17117068
17117074
17117092
17117094
17117099
17117110
17117112
17117114
17117126
17117165
17117173
17117176
17117179
17117186
17117192
17117199
17117214
17117229
17117238
17117254
17117268
17117271
17117276
17117310
17117312
17117317
17117323
17117325
17117329
17117331
17117337
17117340
17117351
17117372
17117383
17117388
17117391