390
833
1320
1550
1606
3047
3136
3281
3290
3614
3798
4121
4419
4611
4829
5020
5352
5805
6326
6427
6510
7174
7246
7459
7582
7750
7987
8048
8199
8319
8811
9373
9600
9760
9805
10075
10400
10896
11415
11620
12703
12870
13109
13188
13360
13540
13648
14099
14125
14187
14332
14379
14615
14645
14932
15182
15272
15695
15732
16113
16166
16249
16492
16546
16791
17256
17300
18106
18703
19177
19192
19440
19526
19864
20510
20868
20941
20995
21182
21526
21605
21623
22337
22543
22806
23198
23893
23958
24463
24595
24736
25134
25163
25197
25522
25869
26157
26228
26271
26395
26400
26403
26605
27083
27150
27600
27686
27809
28122
28339
29030
29185
29891
30217
30230
30606
31031
31050
31532
31638
31790
32288
32905
33024
33091
33653
33656
34466
34680
34758
34827
34935
35063
35242
35513
35843
35853
36056
36995
37426
37515
37984
38045
38304
38480
38994
39055
39190
39333
39909
40187
40215
40649
41251
41457
41528
41586
42235
42253
42433
42660
43065
43350
43391
43413
43625
44119
44187
44406
44524
44559
44567
44900
44917
45117
45445
46021
46221
46816
47387
47523
47909
48086
48087
48384
48944
49113
49466
49550
49650
49919
50140
50246
50251
50525
50672
50784
50788
51747
52838
52961
53013
53034
54120
54197
54313
55101
55735
55772
56029
56033
56445
56495
56686
56730
57125
57330
57572
57694
58034
58076
58232
58987
59098
59114
59160
60260
60559
60966
60986
61521
61982
62232
62366
62826